   0  14 2093.4905  0.0980
   0  15 2228.5069  0.1667
   0  17 2496.0288  0.1503
   0  18 2629.9790  0.1793
   0  19 2764.0857  0.1789
   0  20 2898.7046  0.1218
   0  23 3303.1992  0.1315
   1  12 1884.9795  0.1432
   1  15 2292.0012  0.0899
   1  16 2425.6065  0.0982
   1  18 2693.2866  0.0772
   1  19 2828.2086  0.0748
   1  20 2963.2949  0.0747
   1  21 3098.1421  0.1025
   1  23 3368.6089  0.1301
   1  24 3503.7058  0.1677
   2  11 1810.1855  0.1638
   2  12 1945.7816  0.0667
   2  13 2081.9336  0.1180
   2  14 2217.6689  0.0865
   2  15 2352.0786  0.0753
   2  17 2619.5061  0.0776
   2  18 2754.5302  0.0771
   2  19 2889.5927  0.0549
   2  20 3024.7094  0.0603
   2  23 3430.5813  0.1078
   3  10 1729.0185  0.0693
   3  13 2137.7560  0.0558
   3  14 2273.4468  0.0756
   3  15 2407.6105  0.0526
   3  18 2811.3142  0.0530
   3  19 2947.0764  0.0459
   3  20 3082.1942  0.0570
   3  21 3217.6345  0.0544
   3  22 3353.2587  0.0760
   3  23 3489.5493  0.0946
   3  24 3625.8169  0.1263
   3  25 3762.4458  0.1499
   4  12 2051.4809  0.0564
   4  13 2188.3193  0.0432
   4  14 2324.0989  0.0535
   4  16 2592.9687  0.0679
   4  17 2728.2919  0.0551
   4  18 2864.1564  0.0491
   4  19 3000.0939  0.0444
   4  21 3271.5569  0.0602
   4  22 3407.9954  0.0873
   4  23 3544.4233  0.1085
   4  24 3681.2183  0.1105
   4  25 3818.6756  0.1529
   5   7 1401.6530  0.0615
   5  11 1960.4682  0.0485
   5  12 2098.3660  0.0503
   5  13 2235.3323  0.0397
   5  14 2371.0556  0.0389
   5  15 2505.9880  0.0493
   5  16 2641.0711  0.0483
   5  17 2777.3332  0.0494
   5  18 2913.6057  0.0539
   5  19 3049.9264  0.0464
   5  20 3186.1023  0.0546
   5  21 3322.5056  0.0699
   5  22 3459.4383  0.0820
   5  23 3596.5001  0.1173
   5  25 3871.3412  0.1642
   6  10 1866.0859  0.0484
   6  11 2004.0472  0.0351
   6  12 2142.4585  0.0392
   6  13 2279.7961  0.0477
   6  14 2415.4641  0.0440
   6  15 2551.0461  0.0403
   6  16 2686.9485  0.0370
   6  17 2823.6760  0.0390
   6  18 2960.5136  0.0383
   6  19 3097.2942  0.0387
   6  20 3233.8574  0.0536
   6  21 3370.8317  0.0666
   6  22 3508.1062  0.0909
   6  23 3645.9430  0.0991
   6  28 4338.1948  0.3307
   7   8 1627.4910  0.0287
   7   9 1767.6960  0.0290
   7  11 2045.8221  0.0361
   7  12 2184.5698  0.0403
   7  13 2322.1208  0.0413
   7  14 2458.0874  0.0393
   7  15 2594.1779  0.0368
   7  16 2731.1179  0.0350
   7  17 2868.2998  0.0327
   7  18 3005.5351  0.0383
   7  19 3142.6792  0.0413
   7  20 3279.8415  0.0499
   7  21 3417.3896  0.0636
   7  22 3555.2210  0.0811
   7  23 3693.4299  0.1089
   7  24 3831.9151  0.1273
   7  25 3970.0125  0.1558
   7  26 4109.4740  0.1912
   8   9 1806.1524  0.0281
   8  10 1946.0620  0.0299
   8  11 2086.1330  0.0342
   8  12 2225.1589  0.0321
   8  13 2362.8025  0.0330
   8  14 2499.3884  0.0343
   8  15 2636.0857  0.0373
   8  16 2773.7383  0.0290
   8  17 2911.4695  0.0321
   8  18 3049.1071  0.0341
   8  19 3186.7190  0.0445
   8  20 3324.3025  0.0483
   8  21 3462.4028  0.0651
   8  22 3600.9000  0.0826
   8  23 3739.2681  0.0926
   8  24 3878.1762  0.1286
   8  27 4296.3998  0.2563
   9   8 1702.4244  0.0193
   9   9 1843.6202  0.0268
   9  10 1984.1595  0.0305
   9  11 2125.0740  0.0383
   9  12 2264.5344  0.0296
   9  13 2402.3332  0.0339
   9  14 2539.5180  0.0368
   9  15 2676.9809  0.0304
   9  16 2815.1504  0.0252
   9  17 2953.4978  0.0272
   9  18 3091.3681  0.0317
   9  19 3229.4546  0.0407
   9  20 3367.6921  0.0499
   9  21 3506.0293  0.0600
   9  22 3645.0603  0.0873
   9  23 3784.0603  0.1046
   9  24 3923.2679  0.1293
  10   7 1592.8838  0.0276
  10   8 1737.8437  0.0180
  10   9 1879.9768  0.0249
  10  10 2021.4608  0.0256
  10  11 2162.9097  0.0307
  10  12 2302.7590  0.0381
  10  13 2440.7890  0.0321
  10  14 2578.6255  0.0347
  10  15 2717.0266  0.0271
  10  16 2855.6289  0.0286
  10  17 2994.4258  0.0286
  10  18 3132.8533  0.0315
  10  19 3271.2900  0.0403
  10  20 3409.9428  0.0505
  10  21 3549.0561  0.0652
  10  22 3688.3872  0.0842
  10  24 3967.4724  0.1311
  10  25 4107.4454  0.1626
  10  26 4247.3098  0.2131
  11   6 1477.1471  0.0265
  11   8 1772.2275  0.0198
  11   9 1915.4110  0.0217
  11  10 2057.9358  0.0302
  11  11 2199.7700  0.0258
  11  12 2340.0391  0.0317
  11  13 2478.4025  0.0348
  11  14 2616.8932  0.0327
  11  15 2756.0964  0.0288
  11  16 2895.3530  0.0252
  11  17 3034.5024  0.0294
  11  18 3173.3691  0.0293
  11  19 3312.2859  0.0421
  11  20 3451.5632  0.0540
  11  21 3590.8374  0.0660
  11  22 3730.7448  0.0895
  11  23 3870.5812  0.1158
  11  24 4010.7392  0.1317
  12   6 1509.7259  0.0159
  12   7 1660.2684  0.0162
  12   8 1805.7595  0.0246
  12   9 1949.9851  0.0225
  12  10 2093.5879  0.0228
  12  11 2235.8369  0.0243
  12  12 2376.2815  0.0318
  12  13 2515.4318  0.0315
  12  14 2654.5281  0.0322
  12  15 2794.4768  0.0258
  12  16 2934.2761  0.0287
  12  17 3073.7463  0.0250
  12  18 3213.1538  0.0295
  12  19 3352.6128  0.0450
  12  20 3492.3518  0.0537
  12  21 3632.2453  0.0656
  12  22 3772.5827  0.0880
  12  23 3912.7135  0.1097
  12  24 4053.1317  0.1350
  12  25 4194.0019  0.1770
  12  26 4334.9265  0.2260
  13   6 1541.1413  0.0170
  13   8 1838.6720  0.0215
  13   9 1983.8174  0.0207
  13  10 2128.5049  0.0243
  13  11 2271.1824  0.0290
  13  12 2411.7960  0.0311
  13  13 2551.6372  0.0289
  13  14 2691.5576  0.0304
  13  15 2832.1933  0.0271
  13  16 2972.5175  0.0253
  13  17 3112.4345  0.0292
  13  18 3252.2246  0.0360
  13  19 3392.2918  0.0423
  13  20 3532.3908  0.0522
  13  21 3673.0239  0.0667
  13  22 3813.6195  0.0903
  13  24 4094.9982  0.1402
  13  25 4236.2280  0.1692
  13  26 4377.4742  0.2346
  14   5 1411.7284  0.0162
  14   7 1723.5270  0.0179
  14   8 1870.8353  0.0196
  14   9 2017.0082  0.0232
  14  10 2162.4980  0.0238
  14  11 2305.6675  0.0276
  14  12 2446.6806  0.0302
  14  13 2587.2768  0.0258
  14  14 2728.1401  0.0242
  14  15 2869.1681  0.0268
  14  16 3010.0508  0.0339
  14  17 3150.5129  0.0276
  14  18 3290.7956  0.0372
  14  19 3431.3684  0.0456
  14  20 3572.0056  0.0572
  14  21 3713.1565  0.0721
  14  22 3853.9846  0.0909
  14  23 3995.0196  0.1138
  14  24 4136.5380  0.1460
  14  26 4419.1523  0.2624
  14  27 4561.2743  0.3263
  15   6 1600.9980  0.0147
  15   7 1753.7900  0.0192
  15   8 1902.3384  0.0229
  15   9 2049.6194  0.0202
  15  10 2195.8152  0.0261
  15  11 2339.4692  0.0248
  15  12 2480.9978  0.0266
  15  13 2622.2644  0.0279
  15  15 2905.7285  0.0256
  15  16 3046.9660  0.0232
  15  17 3188.0307  0.0293
  15  18 3328.6830  0.0404
  15  19 3469.8903  0.0452
  15  20 3611.2075  0.0585
  15  21 3752.3816  0.0751
  15  24 4177.5283  0.1441
  15  26 4460.2637  0.2685
  16   6 1629.4975  0.0149
  16   7 1783.2384  0.0167
  16   8 1933.1440  0.0187
  16   9 2081.6313  0.0205
  16  10 2228.3625  0.0245
  16  11 2372.6081  0.0255
  16  12 2514.8325  0.0296
  16  13 2656.8320  0.0243
  16  14 2799.4153  0.0265
  16  15 2941.7209  0.0205
  16  16 3083.4370  0.0244
  16  17 3224.8764  0.0273
  16  18 3366.2339  0.0418
  16  19 3507.7837  0.0540
  16  20 3649.5767  0.0609
  16  21 3791.3528  0.0767
  16  22 3933.3101  0.0961
  16  23 4075.1776  0.1198
  16  24 4217.5509  0.1565
  16  25 4359.9525  0.2014
  17   6 1657.0550  0.0133
  17   7 1811.9664  0.0176
  17   8 1963.2817  0.0186
  17   9 2112.9553  0.0232
  17  10 2260.3216  0.0237
  17  11 2405.0386  0.0253
  17  12 2548.0337  0.0242
  17  13 2690.9822  0.0254
  17  14 2834.2754  0.0209
  17  15 2977.1736  0.0217
  17  16 3119.2959  0.0246
  17  17 3261.2780  0.0315
  17  18 3403.2749  0.0411
  17  19 3545.4711  0.0494
  17  20 3687.6633  0.0613
  17  21 3829.9336  0.0782
  17  22 3972.1596  0.1009
  17  23 4114.8823  0.1280
  17  24 4257.3891  0.1685
  17  25 4399.7826  0.2307
  17  26 4542.5007  0.3140
  18   4 1341.4937  0.0146
  18   5 1518.7344  0.0151
  18   6 1683.6520  0.0165
  18   7 1839.9737  0.0202
  18   8 1992.8028  0.0224
  18   9 2143.6992  0.0191
  18  10 2291.5935  0.0240
  18  11 2436.8061  0.0245
  18  12 2580.8042  0.0232
  18  13 2724.6736  0.0248
  18  14 2868.5880  0.0209
  18  15 3012.0512  0.0208
  18  16 3154.7473  0.0260
  18  17 3297.2807  0.0330
  18  18 3439.9275  0.0394
  18  19 3582.5464  0.0513
  18  20 3725.2055  0.0639
  18  21 3868.1045  0.0849
  18  22 4010.6704  0.1050
  18  23 4153.7466  0.1342
  18  24 4296.8290  0.1695
  18  25 4439.4618  0.2392
  19   5 1543.0494  0.0289
  19   6 1709.3268  0.0155
  19   7 1867.2793  0.0171
  19   8 2021.7130  0.0192
  19   9 2173.7043  0.0200
  19  10 2322.2678  0.0242
  19  11 2468.0573  0.0263
  19  12 2612.9851  0.0273
  19  13 2757.8684  0.0217
  19  14 2902.4955  0.0238
  19  15 3046.4868  0.0211
  19  16 3189.7705  0.0266
  19  17 3332.8054  0.0329
  19  18 3476.0769  0.0437
  19  19 3619.2311  0.0526
  19  20 3762.2827  0.0676
  19  21 3905.5586  0.0839
  19  22 4048.8483  0.1056
  19  23 4192.2392  0.1337
  19  24 4335.5747  0.1795
  19  25 4479.0581  0.2557
  19  26 4622.0008  0.3205
  20   4 1386.4840  0.0153
  20   5 1566.5277  0.0151
  20   6 1734.1482  0.0147
  20   7 1893.8860  0.0153
  20   8 2050.0156  0.0195
  20   9 2203.1452  0.0182
  20  10 2352.3885  0.0201
  20  11 2498.8537  0.0223
  20  12 2644.7906  0.0212
  20  13 2790.6660  0.0188
  20  14 2935.8821  0.0218
  20  15 3080.3996  0.0211
  20  16 3224.3418  0.0275
  20  17 3367.9592  0.0337
  20  18 3511.7165  0.0448
  20  19 3655.5102  0.0552
  20  20 3799.0986  0.0712
  20  21 3942.6523  0.0850
  20  22 4086.4844  0.1094
  20  23 4230.3785  0.1434
  20  24 4374.0192  0.1922
  21   4 1408.0943  0.0153
  21   5 1589.2890  0.0103
  21   6 1758.2347  0.0152
  21   7 1919.8253  0.0164
  21   8 2077.7624  0.0188
  21   9 2231.8469  0.0216
  21  10 2381.9087  0.0208
  21  11 2529.2763  0.0214
  21  12 2676.1611  0.0208
  21  13 2822.9323  0.0207
  21  14 2968.8464  0.0200
  21  15 3113.8840  0.0220
  21  16 3258.4285  0.0302
  21  17 3402.7749  0.0365
  21  18 3547.0495  0.0481
  21  19 3691.4155  0.0570
  21  20 3835.3277  0.0744
  21  21 3979.8156  0.0899
  21  22 4123.7783  0.1161
  21  23 4268.0547  0.1564
  21  24 4411.7568  0.2026
  21  25 4556.6354  0.2927
  22   4 1429.1291  0.0283
  22   5 1611.3559  0.0122
  22   6 1781.4991  0.0149
  22   7 1945.0224  0.0169
  22   8 2104.6577  0.0206
  22   9 2259.9668  0.0229
  22  10 2410.7778  0.0234
  22  11 2559.1096  0.0225
  22  12 2707.0442  0.0207
  22  13 2854.6333  0.0206
  22  14 3001.3520  0.0207
  22  15 3146.9409  0.0217
  22  16 3292.1401  0.0306
  22  17 3437.1740  0.0363
  22  18 3582.0361  0.0474
  22  19 3726.7301  0.0595
  22  20 3871.6112  0.0738
  22  22 4160.9292  0.1217
  22  23 4305.2509  0.1679
  23   3 1252.2585  0.0151
  23   4 1449.6847  0.0142
  23   5 1632.7903  0.0118
  23   6 1804.1901  0.0224
  23   7 1969.6504  0.0171
  23   8 2131.0610  0.0185
  23   9 2287.4319  0.0220
  23  10 2439.1614  0.0223
  23  11 2588.6235  0.0222
  23  12 2737.5434  0.0201
  23  13 2885.9770  0.0205
  23  14 3033.3943  0.0214
  23  15 3179.6653  0.0254
  23  16 3325.4231  0.0298
  23  17 3471.1040  0.0388
  23  18 3616.5814  0.0492
  23  19 3761.8662  0.0606
  23  20 3907.3158  0.0774
  23  21 4052.4259  0.1006
  23  22 4197.3388  0.1318
  23  23 4342.5454  0.1662
  23  24 4487.5176  0.2392
  24   4 1469.7964  0.0141
  24   6 1826.3059  0.0162
  24   7 1993.5384  0.0171
  24   8 2156.7287  0.0188
  24   9 2314.2903  0.0200
  24  10 2466.9836  0.0220
  24  11 2617.6057  0.0205
  24  12 2767.6447  0.0189
  24  13 2916.8816  0.0192
  24  14 3064.9262  0.0214
  24  15 3211.8744  0.0254
  24  16 3358.3557  0.0302
  24  17 3504.6985  0.0396
  24  18 3650.8130  0.0502
  24  19 3796.6562  0.0629
  24  20 3942.4594  0.0803
  24  21 4088.2661  0.1060
  24  22 4233.7276  0.1402
  24  23 4379.2092  0.1847
  25   3 1289.4056  0.0128
  25   5 1674.0970  0.0141
  25   6 1847.8735  0.0154
  25   7 2016.9025  0.0190
  25   8 2181.7243  0.0184
  25   9 2340.5041  0.0205
  25  10 2494.3164  0.0219
  25  11 2646.1797  0.0220
  25  12 2797.3037  0.0196
  25  13 2947.3116  0.0185
  25  14 3096.1064  0.0207
  25  15 3243.7866  0.0273
  25  16 3391.0173  0.0319
  25  17 3537.9397  0.0408
  25  18 3684.7819  0.0530
  25  19 3830.9722  0.0676
  25  20 3977.0894  0.0827
  25  21 4123.5195  0.1131
  25  22 4269.3173  0.1583
  25  23 4415.3754  0.1967
  25  24 4561.0718  0.2614
  26   3 1307.5083  0.0138
  26   4 1508.6906  0.0118
  26   5 1694.0552  0.0125
  26   6 1869.0002  0.0147
  26   7 2039.6974  0.0181
  26   8 2205.9988  0.0205
  26   9 2366.0300  0.0221
  26  10 2521.1677  0.0203
  26  11 2674.3286  0.0190
  26  12 2826.4885  0.0185
  26  13 2977.3396  0.0181
  26  14 3126.8196  0.0218
  26  15 3275.3203  0.0273
  26  16 3423.2041  0.0348
  26  17 3570.7766  0.0432
  26  18 3718.1914  0.0544
  26  19 3865.1923  0.0714
  26  20 4012.1506  0.0907
  26  21 4158.8287  0.1193
  26  22 4305.2150  0.1550
  26  23 4451.4469  0.2125
  26  24 4597.6108  0.2980
  27   4 1527.5698  0.0130
  27   5 1713.5602  0.0124
  27   6 1889.7417  0.0163
  27   7 2062.0381  0.0153
  27   8 2229.7129  0.0193
  27   9 2390.9503  0.0220
  27  10 2547.4837  0.0193
  27  11 2702.0017  0.0191
  27  12 2855.3405  0.0184
  27  13 3006.9738  0.0191
  27  14 3157.1601  0.0207
  27  15 3306.4545  0.0279
  27  16 3455.0822  0.0363
  27  17 3603.3710  0.0471
  27  19 3898.8889  0.0736
  27  20 4046.3254  0.0997
  27  22 4340.3202  0.1733
  27  23 4487.2729  0.2249
  27  24 4633.4738  0.2873
  28   3 1342.6462  0.0123
  28   4 1546.0364  0.0092
  28   5 1732.7352  0.0142
  28   6 1910.1308  0.0156
  28   7 2083.9092  0.0167
  28   8 2252.8069  0.0184
  28   9 2415.3340  0.0199
  28  10 2573.3657  0.0218
  28  11 2729.2554  0.0193
  28  12 2883.6416  0.0193
  28  13 3036.1613  0.0190
  28  14 3187.1106  0.0219
  28  15 3337.1140  0.0284
  28  16 3486.6389  0.0366
  28  17 3635.5869  0.0483
  28  18 3784.1838  0.0599
  28  19 3932.3451  0.0777
  28  20 4080.2279  0.1025
  28  21 4227.8950  0.1363
  28  22 4375.3343  0.1785
  28  23 4522.4371  0.2337
  28  24 4668.9702  0.3116
  29   3 1359.7754  0.0121
  29   4 1564.1451  0.0099
  29   5 1751.5499  0.0126
  29   6 1930.1781  0.0136
  29   7 2105.3235  0.0161
  29   8 2275.3210  0.0189
  29   9 2439.0453  0.0208
  29  10 2598.5693  0.0211
  29  11 2756.1004  0.0195
  29  12 2911.5574  0.0167
  29  13 3064.9048  0.0181
  29  14 3216.6570  0.0242
  29  15 3367.5813  0.0298
  29  16 3517.7751  0.0375
  29  17 3667.3886  0.0497
  29  18 3816.5192  0.0627
  29  19 3965.6421  0.0800
  29  20 4113.9699  0.1054
  29  21 4261.8529  0.1455
  29  22 4409.9933  0.1933
  29  23 4557.6522  0.2608
  30   3 1376.5983  0.0109
  30   4 1581.8883  0.0140
  30   5 1770.0295  0.0111
  30   6 1949.9565  0.0160
  30   7 2126.3462  0.0163
  30   8 2297.3232  0.0193
  30   9 2462.2068  0.0203
  30  10 2623.4584  0.0205
  30  11 2782.4338  0.0189
  30  12 2939.0407  0.0173
  30  13 3093.2705  0.0195
  30  14 3245.9077  0.0251
  30  15 3397.5239  0.0296
  30  16 3548.5534  0.0394
  30  17 3699.0606  0.0509
  30  18 3848.7184  0.0639
  30  19 3998.2367  0.0853
  30  20 4147.3699  0.1140
  30  21 4295.8518  0.1563
  31   3 1393.1450  0.0163
  31   4 1599.3470  0.0114
  31   5 1788.2403  0.0127
  31   6 1969.4222  0.0149
  31   7 2147.0007  0.0177
  31   8 2318.8469  0.0198
  31   9 2484.9365  0.0206
  31  10 2647.7501  0.0200
  31  11 2808.2754  0.0173
  31  12 2966.0692  0.0172
  31  13 3121.2102  0.0191
  31  14 3274.7356  0.0246
  31  15 3427.2104  0.0320
  31  16 3579.0188  0.0398
  31  17 3730.1511  0.0540
  31  18 3880.5790  0.0680
  31  19 4030.6054  0.0877
  31  20 4180.1484  0.1252
  31  21 4329.3344  0.1605
  31  22 4478.4500  0.2215
  32   3 1409.4263  0.0100
  32   4 1616.4379  0.0097
  32   5 1806.1588  0.0128
  32   6 1988.6489  0.0169
  32   7 2167.3609  0.0174
  32   8 2339.9842  0.0204
  32   9 2507.2226  0.0202
  32  10 2671.5949  0.0186
  32  11 2833.6597  0.0175
  32  12 2992.6196  0.0168
  32  13 3148.7915  0.0198
  32  14 3303.2091  0.0252
  32  15 3456.6113  0.0322
  32  16 3609.1707  0.0418
  32  17 3760.9397  0.0553
  32  18 3912.0267  0.0722
  32  19 4062.9228  0.0932
  32  20 4212.9162  0.1293
  32  21 4362.4654  0.1789
  33   3 1425.4324  0.0105
  33   4 1633.2275  0.0129
  33   5 1823.8426  0.0127
  33   6 2007.6106  0.0157
  33   7 2187.3203  0.0167
  33   8 2360.8120  0.0199
  33   9 2529.0974  0.0212
  33  10 2694.9978  0.0185
  33  11 2858.4939  0.0172
  33  12 3018.7588  0.0170
  33  13 3175.9775  0.0206
  33  14 3331.3542  0.0275
  33  15 3485.5747  0.0343
  33  16 3638.9272  0.0452
  33  17 3791.5350  0.0573
  33  18 3943.2746  0.0737
  33  19 4094.7507  0.0992
  33  20 4245.5556  0.1373
  33  21 4396.0052  0.1871
  34   2 1208.0001  0.0126
  34   3 1441.1413  0.0104
  34   4 1649.7267  0.0114
  34   5 1841.2551  0.0141
  34   6 2026.3268  0.0160
  34   7 2206.9848  0.0184
  34   8 2381.2077  0.0197
  34   9 2550.6284  0.0196
  34  10 2717.8991  0.0183
  34  11 2882.8611  0.0167
  34  12 3044.3297  0.0169
  34  13 3202.7241  0.0208
  34  14 3359.0819  0.0277
  34  15 3514.3132  0.0357
  34  16 3668.5417  0.0456
  34  17 3821.7618  0.0598
  34  18 3974.2773  0.0799
  34  19 4126.1399  0.1099
  34  20 4277.5503  0.1430
  34  21 4428.0092  0.2036
  35   2 1221.9068  0.0122
  35   3 1456.6189  0.0092
  35   4 1665.9380  0.0098
  35   5 1858.4246  0.0134
  35   6 2044.7905  0.0155
  35   7 2226.3867  0.0175
  35   8 2401.3171  0.0187
  35   9 2571.8064  0.0198
  35  10 2740.4348  0.0188
  35  11 2906.7487  0.0174
  35  12 3069.4885  0.0186
  35  13 3229.0444  0.0222
  35  14 3386.4621  0.0272
  35  15 3542.5698  0.0373
  35  16 3697.6738  0.0475
  35  17 3851.6044  0.0644
  35  18 4004.8883  0.0786
  35  19 4157.5254  0.1127
  35  21 4460.3466  0.2027
  36   2 1235.6609  0.0162
  36   3 1471.8448  0.0091
  36   4 1681.8728  0.0116
  36   5 1875.4261  0.0143
  36   6 2063.0746  0.0163
  36   7 2245.4723  0.0181
  36   8 2421.0723  0.0204
  36   9 2592.6624  0.0191
  36  10 2762.6388  0.0167
  36  11 2930.2041  0.0168
  36  12 3094.1860  0.0183
  36  13 3254.9978  0.0228
  36  14 3413.4903  0.0290
  36  15 3570.6281  0.0375
  36  16 3726.4756  0.0499
  36  17 3881.2529  0.0674
  36  18 4035.0363  0.0899
  36  19 4188.1772  0.1225
  36  20 4341.0471  0.1605
  36  21 4492.5788  0.2051
  37   4 1697.5748  0.0106
  37   5 1892.1816  0.0125
  37   6 2081.1274  0.0155
  37   7 2264.2895  0.0185
  37   8 2440.6391  0.0203
  37   9 2613.3003  0.0183
  37  10 2784.4851  0.0175
  37  11 2953.1814  0.0164
  37  12 3118.4067  0.0198
  37  13 3280.4964  0.0238
  37  14 3440.2488  0.0307
  37  15 3598.2641  0.0400
  37  16 3754.9809  0.0527
  37  17 3910.5305  0.0676
  37  18 4065.0958  0.0955
  37  19 4219.1183  0.1266
  38   3 1501.5273  0.0103
  38   4 1713.0290  0.0127
  38   5 1908.8096  0.0120
  38   6 2098.9411  0.0160
  38   7 2282.9112  0.0168
  38   8 2459.9614  0.0196
  38   9 2633.6615  0.0185
  38  10 2805.9710  0.0179
  38  11 2975.8168  0.0169
  38  12 3142.2629  0.0189
  38  13 3305.5633  0.0233
  38  14 3466.6341  0.0303
  38  15 3625.5759  0.0400
  38  16 3783.2399  0.0529
  38  17 3939.5058  0.0713
  38  18 4094.9299  0.1045
  38  19 4249.2809  0.1375
  38  20 4402.9821  0.1744
  39   2 1275.7320  0.0154
  39   3 1516.0347  0.0094
  39   4 1728.2495  0.0109
  39   5 1925.1891  0.0142
  39   6 2116.5222  0.0163
  39   7 2301.1762  0.0181
  39   8 2479.0329  0.0195
  39   9 2653.8061  0.0177
  39  10 2827.2563  0.0169
  39  11 2998.0669  0.0164
  39  12 3165.6191  0.0206
  39  13 3330.2822  0.0250
  39  14 3492.4892  0.0330
  39  15 3652.5117  0.0435
  39  16 3811.0184  0.0569
  39  17 3968.1276  0.0787
  39  18 4124.2729  0.1055
  39  19 4279.1507  0.1476
  40   3 1530.3196  0.0114
  40   4 1743.2305  0.0118
  40   5 1941.3997  0.0128
  40   6 2133.9109  0.0161
  40   7 2319.2661  0.0181
  40   8 2497.8807  0.0193
  40   9 2673.7244  0.0185
  40  10 2848.1946  0.0168
  40  11 3019.9851  0.0172
  40  12 3188.6316  0.0196
  40  13 3354.5234  0.0254
  40  14 3517.9849  0.0333
  40  15 3679.1748  0.0445
  40  16 3838.6042  0.0588
  40  17 3996.5321  0.0829
  40  18 4153.2351  0.1148
  40  19 4308.7421  0.1508
  40  20 4463.9739  0.1977
  41   2 1301.5798  0.0134
  41   3 1544.3651  0.0090
  41   4 1758.0283  0.0107
  41   5 1957.4573  0.0140
  41   6 2151.1084  0.0159
  41   7 2337.1484  0.0177
  41   8 2516.5136  0.0188
  41   9 2693.4680  0.0175
  41  10 2868.8849  0.0166
  41  11 3041.5367  0.0169
  41  12 3211.2326  0.0204
  41  13 3378.4021  0.0257
  41  14 3543.1782  0.0351
  41  15 3705.5704  0.0472
  41  16 3865.7021  0.0648
  41  17 4024.6493  0.0890
  41  18 4182.0164  0.1206
  42   2 1314.2173  0.0141
  42   3 1558.1846  0.0092
  42   4 1772.6314  0.0119
  42   5 1973.3132  0.0139
  42   6 2168.1169  0.0144
  42   7 2354.8042  0.0190
  42   8 2534.9606  0.0189
  42   9 2712.9751  0.0182
  42  10 2889.3134  0.0163
  42  11 3062.8635  0.0167
  42  12 3233.5145  0.0218
  42  13 3401.8999  0.0264
  42  14 3567.8726  0.0372
  42  15 3731.3090  0.0480
  42  16 3892.5927  0.0675
  42  17 4052.3647  0.0982
  42  18 4210.9513  0.1305
  42  19 4367.8041  0.1694
  43   2 1326.7148  0.0095
  43   3 1571.8138  0.0082
  43   4 1787.0144  0.0112
  43   5 1989.0309  0.0145
  43   6 2184.8591  0.0158
  43   7 2372.1916  0.0188
  43   8 2553.2737  0.0182
  43   9 2732.3132  0.0174
  43  10 2909.5547  0.0162
  43  11 3083.9035  0.0174
  43  12 3255.5095  0.0219
  43  13 3425.0212  0.0283
  43  14 3592.2321  0.0387
  43  15 3756.8197  0.0505
  43  16 3919.2951  0.0723
  43  17 4079.7861  0.1025
  43  18 4239.0444  0.1343
  44   2 1339.0904  0.0094
  44   3 1585.2088  0.0092
  44   4 1801.2513  0.0119
  44   5 2004.5719  0.0141
  44   6 2201.4277  0.0164
  44   7 2389.4243  0.0179
  44   8 2571.4023  0.0197
  44   9 2751.4839  0.0166
  44  10 2929.5639  0.0161
  44  11 3104.6526  0.0171
  44  12 3277.2319  0.0218
  44  13 3447.7688  0.0285
  44  14 3616.2212  0.0400
  44  15 3782.1977  0.0563
  44  16 3945.4207  0.0757
  44  17 4106.7655  0.1075
  45   2 1351.2515  0.0100
  45   3 1598.4042  0.0095
  45   4 1815.2729  0.0117
  45   5 2020.0003  0.0144
  45   6 2217.7666  0.0169
  45   7 2406.4073  0.0183
  45   8 2589.3996  0.0182
  45   9 2770.4458  0.0166
  45  10 2949.3789  0.0154
  45  11 3125.2453  0.0180
  45  12 3298.6939  0.0230
  45  13 3470.3139  0.0304
  45  14 3639.9085  0.0421
  45  15 3806.8717  0.0573
  45  16 3971.3933  0.0831
  45  17 4133.6154  0.1164
  46   1 1072.0179  0.0160
  46   2 1363.2982  0.0088
  46   3 1611.4217  0.0116
  46   4 1829.1620  0.0140
  46   5 2035.2301  0.0141
  46   6 2233.9096  0.0159
  46   7 2423.2893  0.0175
  46   8 2607.1926  0.0184
  46   9 2789.3047  0.0162
  46  10 2969.0083  0.0162
  46  11 3145.6242  0.0191
  46  12 3319.9853  0.0227
  46  13 3492.5244  0.0317
  46  14 3663.1384  0.0429
  46  15 3831.1392  0.0645
  46  16 3996.8771  0.0867
  46  17 4160.2842  0.1247
  47   2 1375.1772  0.0077
  47   3 1624.2429  0.0093
  47   4 1842.9017  0.0123
  47   5 2050.3137  0.0136
  47   6 2249.9069  0.0159
  47   7 2439.9583  0.0183
  47   8 2624.8276  0.0186
  47   9 2807.8775  0.0165
  47  10 2988.3781  0.0159
  47  11 3165.7986  0.0191
  47  12 3340.9665  0.0243
  47  13 3514.5139  0.0323
  47  14 3686.0791  0.0464
  47  15 3855.2866  0.0640
  47  16 4021.9995  0.0919
  47  17 4186.2923  0.1319
  48   2 1386.9169  0.0156
  48   3 1636.8642  0.0104
  48   4 1856.5096  0.0130
  48   5 2065.2566  0.0142
  48   6 2265.6853  0.0169
  48   7 2456.4441  0.0181
  48   8 2642.3447  0.0176
  48   9 2826.3984  0.0163
  48  10 3007.5976  0.0168
  48  11 3185.7116  0.0190
  48  12 3361.7917  0.0240
  48  13 3536.1366  0.0334
  48  14 3708.7795  0.0477
  48  15 3879.1597  0.0694
  48  16 4046.9774  0.1029
  49   2 1398.5099  0.0084
  49   3 1649.3339  0.0096
  49   4 1869.9646  0.0115
  49   5 2080.0544  0.0136
  49   6 2281.2763  0.0167
  49   7 2472.8005  0.0179
  49   8 2659.7464  0.0173
  49   9 2844.7308  0.0160
  49  10 3026.6670  0.0164
  49  11 3205.5430  0.0197
  49  12 3382.3747  0.0246
  49  13 3557.5703  0.0355
  49  14 3731.1159  0.0520
  49  15 3902.2761  0.0764
  49  16 4071.4702  0.1019
  50   2 1409.9598  0.0092
  50   3 1661.5963  0.0091
  50   4 1883.2647  0.0137
  50   5 2094.6526  0.0146
  50   6 2296.6741  0.0170
  50   7 2488.9382  0.0173
  50   8 2676.9834  0.0169
  50   9 2862.9108  0.0152
  50  10 3045.5554  0.0165
  50  11 3225.1596  0.0202
  50  12 3402.7891  0.0249
  50  13 3578.8911  0.0372
  50  14 3753.2707  0.0517
  50  15 3925.3524  0.0776
  50  16 4095.3931  0.1147
  51   1 1120.1842  0.0121
  51   2 1421.2825  0.0091
  51   3 1673.7225  0.0109
  51   4 1896.4415  0.0135
  51   5 2109.1319  0.0148
  51   6 2311.9826  0.0175
  51   7 2505.0024  0.0179
  51   8 2694.0429  0.0172
  51   9 2880.8503  0.0150
  51  10 3064.2695  0.0156
  51  11 3244.6281  0.0209
  51  12 3423.0083  0.0267
  51  13 3599.8982  0.0385
  51  14 3775.0628  0.0571
  51  15 3948.1888  0.0846
  52   2 1432.4560  0.0077
  52   3 1685.6763  0.0110
  52   4 1909.5399  0.0130
  52   5 2123.5030  0.0150
  52   6 2327.0808  0.0173
  52   7 2520.9233  0.0172
  52   8 2711.0119  0.0164
  52   9 2898.7260  0.0156
  52  10 3082.7899  0.0174
  52  11 3263.8542  0.0199
  52  12 3443.1496  0.0267
  52  13 3620.8285  0.0397
  52  14 3796.7586  0.0598
  52  15 3971.0184  0.0895
  53   2 1443.4807  0.0084
  53   3 1697.4415  0.0108
  53   4 1922.4742  0.0130
  53   5 2137.6470  0.0153
  53   6 2341.9736  0.0156
  53   7 2536.6823  0.0186
  53   8 2727.8417  0.0166
  53   9 2916.3912  0.0156
  53  10 3101.2356  0.0165
  53  11 3283.0800  0.0212
  53  12 3463.0527  0.0293
  53  13 3641.5368  0.0413
  53  14 3818.0922  0.0652
  53  15 3993.1922  0.0950
  54   1 1147.9025  0.0154
  54   2 1454.3935  0.0076
  54   3 1709.1123  0.0098
  54   4 1935.3072  0.0123
  54   5 2151.7439  0.0144
  54   6 2356.7571  0.0173
  54   7 2552.3264  0.0179
  54   8 2744.5747  0.0169
  54   9 2933.9236  0.0151
  54  10 3119.4832  0.0168
  54  11 3302.1020  0.0216
  54  12 3482.8147  0.0292
  54  13 3661.9950  0.0445
  54  14 3839.5934  0.0696
  54  15 4015.1312  0.0974
  55   2 1465.1528  0.0085
  55   3 1720.6135  0.0097
  55   4 1948.0354  0.0133
  55   5 2165.6345  0.0146
  55   6 2371.2919  0.0183
  55   7 2567.8099  0.0172
  55   8 2761.1028  0.0160
  55   9 2951.3313  0.0150
  55  10 3137.6083  0.0175
  55  11 3320.9712  0.0214
  55  12 3502.4724  0.0312
  55  13 3682.4035  0.0460
  55  14 3860.5164  0.0716
  56   1 1165.8987  0.0104
  56   2 1475.8032  0.0072
  56   3 1731.9759  0.0097
  56   4 1960.6330  0.0126
  56   5 2179.4009  0.0147
  56   6 2385.7815  0.0175
  56   7 2583.2783  0.0174
  56   8 2777.6028  0.0159
  56   9 2968.5683  0.0153
  56  10 3155.5438  0.0175
  56  11 3339.6660  0.0221
  56  12 3521.9975  0.0333
  57   2 1486.2994  0.0083
  57   3 1743.2004  0.0103
  57   4 1973.1409  0.0128
  57   5 2193.0383  0.0152
  57   6 2400.0944  0.0169
  57   7 2598.4995  0.0170
  57   8 2793.9008  0.0146
  57   9 2985.6758  0.0155
  57  10 3173.3650  0.0166
  57  11 3358.2649  0.0229
  57  12 3541.2922  0.0337
  57  13 3722.6807  0.0518
  57  14 3902.3968  0.0780
  58   1 1183.5235  0.0109
  58   2 1496.6949  0.0082
  58   3 1754.2821  0.0099
  58   4 1985.5445  0.0132
  58   5 2206.4614  0.0157
  58   6 2414.2773  0.0169
  58   7 2613.6899  0.0174
  58   8 2810.0809  0.0158
  58   9 3002.6690  0.0149
  58  10 3191.0711  0.0177
  58  11 3376.7693  0.0230
  58  12 3560.5700  0.0345
  58  13 3742.3365  0.0535
  59   1 1192.2086  0.0109
  59   2 1506.9565  0.0083
  59   3 1765.2460  0.0109
  59   4 1997.8420  0.0128
  59   5 2219.8352  0.0156
  59   6 2428.3237  0.0175
  59   7 2628.8064  0.0165
  59   8 2826.1666  0.0152
  59   9 3019.4572  0.0153
  59  10 3208.6365  0.0186
  59  11 3395.1126  0.0240
  59  12 3579.6281  0.0359
  59  13 3762.3406  0.0572
  60   1 1200.8531  0.0133
  60   2 1517.1014  0.0090
  60   3 1776.1505  0.0104
  60   4 2010.0408  0.0135
  60   5 2233.0566  0.0151
  60   6 2442.2527  0.0170
  60   7 2643.6839  0.0167
  60   8 2842.0583  0.0155
  60   9 3036.1546  0.0159
  60  10 3226.0843  0.0189
  60  11 3413.2580  0.0252
  60  12 3598.5390  0.0326
  61   1 1209.3928  0.0105
  61   2 1527.1184  0.0077
  61   3 1786.8518  0.0109
  61   4 2022.1439  0.0130
  61   5 2246.1147  0.0160
  61   6 2455.9948  0.0176
  61   7 2658.5449  0.0165
  61   8 2857.8908  0.0157
  61   9 3052.7481  0.0159
  61  10 3243.4262  0.0193
  61  11 3431.4219  0.0260
  61  12 3617.3000  0.0358
  62   1 1217.8345  0.0090
  62   2 1537.0141  0.0083
  62   3 1797.5059  0.0110
  62   4 2034.1054  0.0133
  62   5 2259.0556  0.0156
  62   6 2469.6721  0.0176
  62   7 2673.2852  0.0161
  62   8 2873.6062  0.0148
  62   9 3069.2092  0.0151
  62  10 3260.5605  0.0195
  62  11 3449.4001  0.0261
  62  12 3636.2257  0.0405
  62  13 3820.8651  0.0702
  63   1 1226.2241  0.0090
  63   2 1546.8004  0.0088
  63   3 1808.0234  0.0106
  63   4 2046.0146  0.0131
  63   5 2271.8467  0.0163
  63   6 2483.2771  0.0182
  63   7 2687.9663  0.0163
  63   8 2889.2086  0.0138
  63   9 3085.4791  0.0162
  63  10 3277.6572  0.0196
  63  11 3467.1755  0.0272
  63  12 3654.7605  0.0420
  63  13 3840.1528  0.0699
  64   1 1234.5406  0.0116
  64   2 1556.4758  0.0083
  64   3 1818.4267  0.0104
  64   4 2057.8504  0.0129
  64   5 2284.5229  0.0169
  64   6 2496.7715  0.0167
  64   7 2702.5093  0.0167
  64   8 2904.6289  0.0146
  64   9 3101.7159  0.0164
  64  10 3294.6450  0.0202
  64  11 3485.0503  0.0295
  64  12 3673.2081  0.0460
  64  13 3859.0893  0.0730
  65   1 1242.7685  0.0114
  65   2 1566.0292  0.0082
  65   3 1828.7485  0.0113
  65   4 2069.5312  0.0141
  65   5 2297.0981  0.0158
  65   6 2510.1064  0.0163
  65   7 2716.9855  0.0168
  65   8 2920.0183  0.0142
  65   9 3117.7863  0.0175
  65  10 3311.5239  0.0202
  65  11 3502.6786  0.0302
  65  12 3691.5310  0.0474
  65  13 3878.1112  0.0799
  66   1 1250.9460  0.0074
  66   2 1575.4538  0.0087
  66   3 1838.9960  0.0110
  66   4 2081.1443  0.0136
  66   5 2309.4899  0.0162
  66   6 2523.3820  0.0169
  66   7 2731.3332  0.0154
  66   8 2935.2251  0.0146
  66   9 3133.7574  0.0160
  66  10 3328.2732  0.0201
  66  11 3520.1786  0.0317
  66  12 3709.7586  0.0343
  67   1 1259.0348  0.0088
  67   2 1584.7875  0.0084
  67   3 1849.1361  0.0117
  67   4 2092.6774  0.0142
  67   5 2321.8547  0.0162
  67   6 2536.5635  0.0173
  67   7 2745.5691  0.0161
  67   8 2950.3379  0.0147
  67   9 3149.6224  0.0161
  67  10 3344.9231  0.0207
  67  11 3537.5547  0.0323
  68   1 1267.0660  0.0085
  68   2 1594.0135  0.0086
  68   3 1859.2135  0.0111
  68   4 2104.0657  0.0143
  68   5 2334.0231  0.0162
  68   6 2549.5805  0.0180
  68   7 2759.7173  0.0159
  68   8 2965.2956  0.0147
  68   9 3165.3618  0.0170
  68  10 3361.4321  0.0219
  68  11 3554.8879  0.0339
  68  12 3745.8431  0.0560
  69   1 1275.0194  0.0079
  69   2 1603.1440  0.0082
  69   3 1869.1761  0.0117
  69   4 2115.3898  0.0142
  69   5 2346.1162  0.0174
  69   6 2562.5654  0.0171
  69   7 2773.8326  0.0153
  69   8 2980.2436  0.0154
  69   9 3180.9831  0.0178
  69  10 3377.8442  0.0220
  69  11 3572.0995  0.0359
  69  12 3763.8799  0.0590
  70   1 1282.9083  0.0072
  70   2 1612.1583  0.0089
  70   3 1879.0575  0.0112
  70   4 2126.6704  0.0144
  70   5 2358.0987  0.0171
  70   6 2575.4937  0.0171
  70   7 2787.7568  0.0150
  70   8 2995.0008  0.0143
  70   9 3196.5415  0.0176
  70  10 3394.2150  0.0232
  70  11 3589.1406  0.0374
  70  12 3781.4981  0.0603
  71   1 1290.7327  0.0079
  71   2 1621.0599  0.0084
  71   3 1888.8613  0.0120
  71   4 2137.7951  0.0142
  71   5 2369.9582  0.0172
  71   6 2588.3073  0.0167
  71   7 2801.6131  0.0152
  71   8 3009.7165  0.0148
  71   9 3211.9490  0.0178
  71  10 3410.4180  0.0234
  72   1 1298.5041  0.0084
  72   2 1629.8616  0.0096
  72   3 1898.6357  0.0114
  72   4 2148.8269  0.0147
  72   5 2381.7422  0.0173
  72   6 2601.0186  0.0169
  72   7 2815.4402  0.0156
  72   8 3024.2741  0.0144
  72   9 3227.3103  0.0171
  72  10 3426.6155  0.0249
  73   1 1306.2054  0.0079
  73   2 1638.5981  0.0099
  73   3 1908.2834  0.0117
  73   4 2159.8095  0.0141
  73   5 2393.3723  0.0169
  73   6 2613.6579  0.0164
  73   7 2829.1118  0.0152
  73   8 3038.7454  0.0151
  73   9 3242.5266  0.0181
  73  10 3442.6114  0.0252
  74   1 1313.8511  0.0079
  74   2 1647.2080  0.0094
  74   3 1917.8976  0.0116
  74   4 2170.6751  0.0141
  74   5 2404.9494  0.0165
  74   6 2626.2353  0.0170
  74   7 2842.7217  0.0153
  74   8 3053.1404  0.0149
  74   9 3257.6478  0.0183
  74  10 3458.5388  0.0278
  75   1 1321.4431  0.0074
  75   2 1655.7535  0.0094
  75   3 1927.4188  0.0117
  75   4 2181.4118  0.0147
  75   5 2416.4497  0.0166
  75   6 2638.7343  0.0162
  75   7 2856.2229  0.0150
  75   8 3067.3822  0.0143
  75   9 3272.6976  0.0187
  75  10 3474.4462  0.0269
  76   1 1328.9582  0.0078
  76   2 1664.1839  0.0097
  76   3 1936.8913  0.0123
  76   4 2192.1063  0.0148
  76   5 2427.7942  0.0170
  76   6 2651.1928  0.0168
  76   7 2869.6059  0.0147
  76   8 3081.5877  0.0150
  76   9 3287.7324  0.0192
  76  10 3490.2477  0.0295
  76  11 3689.6903  0.0502
  77   1 1336.3971  0.0076
  77   2 1672.5207  0.0092
  77   3 1946.2984  0.0114
  77   4 2202.6789  0.0145
  77   5 2439.0629  0.0166
  77   6 2663.4797  0.0166
  77   7 2882.9590  0.0145
  77   8 3095.6814  0.0155
  77   9 3302.6050  0.0200
  77  10 3505.8951  0.0303
  78   2 1680.7894  0.0092
  78   3 1955.6111  0.0121
  78   4 2213.1863  0.0148
  78   5 2450.2837  0.0168
  78   6 2675.7832  0.0155
  78   7 2896.2024  0.0147
  78   8 3109.6241  0.0161
  78   9 3317.4111  0.0200
  78  10 3521.5161  0.0288
  79   1 1351.1733  0.0071
  79   2 1688.9625  0.0097
  79   3 1964.9132  0.0117
  79   4 2223.5679  0.0158
  79   5 2461.4074  0.0169
  79   6 2687.9375  0.0159
  79   7 2909.3525  0.0148
  79   8 3123.5745  0.0160
  79   9 3332.0635  0.0198
  80   1 1358.4598  0.0073
  80   2 1697.0358  0.0090
  80   3 1974.1408  0.0116
  80   4 2233.8999  0.0155
  80   5 2472.4729  0.0170
  80   6 2700.1319  0.0162
  80   7 2922.3939  0.0142
  80   8 3137.3908  0.0162
  80   9 3346.7154  0.0205
  81   1 1365.7087  0.0071
  81   2 1705.0047  0.0104
  81   3 1983.2729  0.0124
  81   4 2244.1203  0.0160
  81   5 2483.4680  0.0168
  81   6 2712.1623  0.0160
  81   7 2935.3979  0.0145
  81   8 3151.0844  0.0165
  81   9 3361.2851  0.0216
  81  10 3567.8638  0.0372
  81  11 3770.8590  0.0650
  82   1 1372.8909  0.0091
  82   2 1712.9676  0.0098
  82   3 1992.3852  0.0124
  82   4 2254.2998  0.0156
  82   5 2494.3001  0.0168
  82   6 2724.1573  0.0161
  82   7 2948.2632  0.0153
  82   8 3164.7955  0.0166
  82   9 3375.7588  0.0223
  82  10 3583.0291  0.0369
  83   1 1380.0190  0.0067
  83   2 1720.8146  0.0097
  83   3 2001.4264  0.0131
  83   4 2264.3342  0.0158
  83   5 2505.1164  0.0168
  83   6 2736.0712  0.0157
  83   7 2961.0488  0.0142
  83   8 3178.3462  0.0164
  83   9 3390.0965  0.0232
  84   1 1387.1020  0.0073
  84   2 1728.5598  0.0099
  84   3 2010.3976  0.0127
  84   4 2274.3110  0.0161
  84   5 2515.9026  0.0169
  84   6 2747.9354  0.0154
  84   7 2973.7854  0.0142
  84   8 3191.7954  0.0169
  84   9 3404.4158  0.0239
  84  10 3613.3466  0.0289
  85   1 1394.1286  0.0073
  85   2 1736.2566  0.0100
  85   3 2019.3216  0.0133
  85   4 2284.2029  0.0165
  85   5 2526.5184  0.0169
  85   6 2759.7310  0.0158
  85   7 2986.4365  0.0151
  85   8 3205.1606  0.0166
  85   9 3418.6584  0.0241
  86   1 1401.1031  0.0089
  86   2 1743.8800  0.0097
  86   3 2028.1870  0.0131
  86   4 2294.0156  0.0161
  86   5 2537.1995  0.0167
  86   6 2771.4773  0.0155
  86   7 2998.9922  0.0151
  86   8 3218.5255  0.0173
  86   9 3432.7899  0.0259
  87   1 1408.0282  0.0076
  87   2 1751.4151  0.0095
  87   3 2037.0397  0.0132
  87   4 2303.7408  0.0162
  87   5 2547.7346  0.0167
  87   6 2783.1479  0.0152
  87   7 3011.5129  0.0147
  87   8 3231.7992  0.0175
  87   9 3446.8841  0.0272
  88   1 1414.9099  0.0066
  88   2 1758.9292  0.0093
  88   3 2045.7849  0.0130
  88   4 2313.3777  0.0166
  88   5 2558.2107  0.0168
  88   6 2794.7197  0.0155
  88   7 3023.9342  0.0148
  88   8 3244.9487  0.0174
  88   9 3460.9415  0.0281
  89   1 1421.7430  0.0066
  89   2 1766.3435  0.0100
  89   3 2054.5002  0.0130
  89   4 2322.9633  0.0165
  89   5 2568.6194  0.0166
  89   6 2806.2040  0.0156
  89   7 3036.2302  0.0152
  89   8 3258.0991  0.0176
  89   9 3474.8504  0.0293
  90   1 1428.5045  0.0077
  90   2 1773.6673  0.0100
  90   3 2063.1413  0.0137
  90   4 2332.4505  0.0165
  90   5 2579.0283  0.0167
  90   6 2817.6841  0.0150
  90   7 3048.4616  0.0150
  90   8 3271.1580  0.0182
  90   9 3488.7386  0.0300
  90  10 3702.1003  0.0364
  91   1 1435.2357  0.0069
  91   2 1780.9694  0.0100
  91   3 2071.7619  0.0131
  91   4 2341.8429  0.0165
  91   5 2589.3369  0.0165
  91   6 2829.0793  0.0155
  91   7 3060.6630  0.0148
  91   8 3284.1253  0.0186
  91   9 3502.6218  0.0318
  92   1 1441.9469  0.0074
  92   2 1788.1948  0.0103
  92   3 2080.3274  0.0129
  92   4 2351.2114  0.0169
  92   5 2599.5708  0.0168
  92   6 2840.3894  0.0150
  92   7 3072.7833  0.0148
  92   8 3296.9967  0.0192
  92   9 3516.1209  0.0320
  93   0  980.3117  0.0144
  93   1 1448.5532  0.0078
  93   2 1795.3467  0.0106
  93   3 2088.7986  0.0138
  93   4 2360.4875  0.0162
  93   5 2609.7787  0.0162
  93   6 2851.6509  0.0153
  93   7 3084.8031  0.0152
  93   8 3309.9007  0.0192
  94   1 1455.1501  0.0076
  94   2 1802.4297  0.0106
  94   3 2097.2778  0.0137
  94   4 2369.6744  0.0168
  94   5 2619.9528  0.0165
  94   6 2862.8647  0.0147
  94   7 3096.7694  0.0150
  94   8 3322.6486  0.0201
  95   1 1461.6992  0.0072
  95   2 1809.4988  0.0105
  95   3 2105.6341  0.0144
  95   4 2378.7744  0.0169
  95   5 2630.0417  0.0166
  95   6 2873.9731  0.0151
  95   7 3108.6806  0.0153
  95   8 3335.3656  0.0208
  96   0  995.5415  0.0126
  96   1 1468.1964  0.0069
  96   2 1816.4905  0.0103
  96   3 2113.9822  0.0144
  96   4 2387.8635  0.0165
  96   5 2640.0938  0.0165
  96   6 2885.0624  0.0146
  96   7 3120.4719  0.0154
  96   8 3347.9885  0.0216
  97   1 1474.6378  0.0074
  97   2 1823.4478  0.0107
  97   3 2122.2788  0.0138
  97   4 2396.8197  0.0172
  97   5 2650.1159  0.0163
  97   6 2896.0767  0.0150
  97   7 3132.2338  0.0152
  97   8 3360.5852  0.0213
  98   1 1481.0412  0.0074
  98   2 1830.3349  0.0107
  98   3 2130.5073  0.0148
  98   4 2405.7975  0.0172
  98   5 2660.0527  0.0163
  98   6 2906.9951  0.0151
  98   7 3143.9426  0.0157
  98   8 3373.0710  0.0234
  99   0 1010.6320  0.0172
  99   1 1487.4090  0.0072
  99   2 1837.1589  0.0111
  99   3 2138.7412  0.0146
  99   4 2414.6438  0.0174
  99   5 2669.9218  0.0166
  99   6 2917.8508  0.0149
  99   7 3155.5985  0.0160
  99   8 3385.5302  0.0235
 100   1 1493.7198  0.0094
 100   2 1843.9386  0.0108
 100   3 2146.8579  0.0143
 100   4 2423.4558  0.0170
 100   5 2679.8258  0.0160
 100   6 2928.6870  0.0146
 100   7 3167.1936  0.0158
 101   0 1020.4845  0.0116
 101   1 1500.0261  0.0082
 101   2 1850.7215  0.0110
 101   3 2154.9256  0.0149
 101   4 2432.1849  0.0173
 101   5 2689.6253  0.0156
 101   6 2939.4200  0.0147
 101   7 3178.6844  0.0161
 101   8 3410.3113  0.0263
 102   0 1025.4128  0.0120
 102   1 1506.2463  0.0089
 102   2 1857.4053  0.0105
 102   3 2162.9595  0.0153
 102   4 2440.8756  0.0169
 102   5 2699.3452  0.0161
 102   6 2950.1114  0.0152
 102   7 3190.1320  0.0168
 102   8 3422.5443  0.0256
 103   0 1030.3138  0.0114
 103   1 1512.4199  0.0089
 103   2 1864.0652  0.0112
 103   3 2170.9315  0.0159
 103   4 2449.5217  0.0174
 103   5 2709.0766  0.0159
 103   6 2960.7383  0.0148
 103   7 3201.4916  0.0165
 103   8 3434.7727  0.0280
 104   0 1035.1595  0.0124
 104   1 1518.5969  0.0088
 104   2 1870.6504  0.0114
 104   3 2178.8320  0.0150
 104   4 2458.0844  0.0178
 104   5 2718.7251  0.0159
 104   6 2971.3110  0.0148
 104   7 3212.8291  0.0173
 104   8 3446.9743  0.0290
 105   0 1040.0501  0.0114
 105   1 1524.6883  0.0085
 105   2 1877.2336  0.0114
 105   3 2186.7216  0.0157
 105   4 2466.6391  0.0175
 105   5 2728.3769  0.0157
 105   6 2981.8208  0.0148
 105   7 3224.1323  0.0174
 105   8 3459.1354  0.0300
 106   0 1044.8056  0.0093
 106   1 1530.7641  0.0089
 106   2 1883.7555  0.0117
 106   3 2194.5467  0.0154
 106   4 2475.0652  0.0179
 106   5 2737.9276  0.0157
 106   6 2992.2678  0.0148
 106   7 3235.3697  0.0172
 106   8 3471.1809  0.0310
 107   0 1049.6221  0.0114
 107   1 1536.7719  0.0082
 107   2 1890.2890  0.0115
 107   3 2202.2932  0.0160
 107   4 2483.5207  0.0179
 107   5 2747.4812  0.0159
 107   6 3002.6479  0.0147
 107   7 3246.5456  0.0182
 107   8 3483.2102  0.0347
 108   0 1054.3749  0.0180
 108   1 1542.7938  0.0086
 108   2 1896.6877  0.0116
 108   3 2210.0157  0.0156
 108   4 2491.8644  0.0178
 108   5 2756.9221  0.0156
 108   6 3012.9582  0.0150
 108   7 3257.6131  0.0182
 108   8 3495.2364  0.0340
 109   0 1059.1496  0.0111
 109   1 1548.7408  0.0084
 109   2 1903.1129  0.0116
 109   3 2217.6926  0.0162
 109   4 2500.2560  0.0184
 109   5 2766.3630  0.0157
 109   6 3023.2792  0.0148
 109   7 3268.7119  0.0184
 109   8 3507.0509  0.0320
 110   0 1063.9117  0.0124
 110   1 1554.6475  0.0090
 110   2 1909.4847  0.0121
 110   3 2225.2986  0.0160
 110   4 2508.5130  0.0178
 110   5 2775.7761  0.0156
 110   6 3033.4886  0.0151
 110   7 3279.7043  0.0196
 111   0 1068.5804  0.0126
 111   1 1560.5218  0.0084
 111   2 1915.7955  0.0124
 111   3 2232.8618  0.0165
 111   4 2516.7438  0.0178
 111   5 2785.1272  0.0160
 111   6 3043.6858  0.0154
 111   7 3290.6809  0.0196
 111   8 3530.7661  0.0333
 112   0 1073.2939  0.0116
 112   1 1566.3530  0.0090
 112   2 1922.1195  0.0128
 112   3 2240.3976  0.0165
 112   4 2524.9153  0.0176
 112   5 2794.4016  0.0153
 112   6 3053.7927  0.0153
 112   7 3301.5794  0.0203
 113   0 1077.9618  0.0123
 113   1 1572.1118  0.0086
 113   2 1928.4250  0.0125
 113   3 2247.8998  0.0170
 113   4 2533.0759  0.0179
 113   5 2803.6738  0.0154
 113   6 3063.8623  0.0154
 113   7 3312.4809  0.0212
 114   0 1082.6038  0.0116
 114   1 1577.8846  0.0085
 114   2 1934.6579  0.0120
 114   3 2255.2781  0.0167
 114   4 2541.2107  0.0180
 114   5 2812.8908  0.0159
 114   6 3073.8728  0.0154
 114   7 3323.3070  0.0210
 115   0 1087.2407  0.0098
 115   1 1583.6087  0.0081
 115   2 1940.8377  0.0123
 115   3 2262.6118  0.0167
 115   4 2549.2552  0.0178
 115   5 2822.0470  0.0154
 115   6 3083.8109  0.0153
 115   7 3334.0420  0.0227
 116   0 1091.8729  0.0144
 116   1 1589.2759  0.0091
 116   2 1946.9979  0.0126
 116   3 2269.9337  0.0169
 116   4 2557.2677  0.0183
 116   5 2831.2172  0.0158
 116   6 3093.7244  0.0154
 116   7 3344.7812  0.0239
 117   0 1096.4486  0.0102
 117   1 1594.9162  0.0088
 117   2 1953.1574  0.0125
 117   3 2277.2267  0.0174
 117   4 2565.2872  0.0179
 117   5 2840.2716  0.0155
 117   6 3103.5857  0.0155
 117   7 3355.5210  0.0246
 118   0 1101.0011  0.0102
 118   1 1600.5278  0.0098
 118   2 1959.2731  0.0132
 118   3 2284.4267  0.0176
 118   4 2573.2447  0.0188
 118   5 2849.3566  0.0155
 118   6 3113.3800  0.0158
 118   7 3366.0693  0.0248
 119   0 1105.5600  0.0092
 119   1 1606.1154  0.0094
 119   2 1965.3584  0.0133
 119   3 2291.5747  0.0175
 119   4 2581.1342  0.0189
 119   5 2858.3443  0.0157
 119   6 3123.1641  0.0157
 119   7 3376.6845  0.0267
 120   0 1110.0784  0.0096
 120   1 1611.6417  0.0094
 120   2 1971.4299  0.0134
 120   3 2298.7090  0.0173
 120   4 2589.0521  0.0187
 120   5 2867.2859  0.0156
 120   6 3132.9074  0.0160
 120   7 3387.2215  0.0273
 121   0 1114.6131  0.0095
 121   1 1617.1517  0.0094
 121   2 1977.4420  0.0132
 121   3 2305.7942  0.0180
 121   4 2596.8624  0.0185
 121   5 2876.2066  0.0156
 121   6 3142.5158  0.0163
 121   7 3397.7239  0.0275
 122   0 1119.1086  0.0094
 122   1 1622.6070  0.0088
 122   2 1983.4797  0.0135
 122   3 2312.7614  0.0178
 122   4 2604.6706  0.0185
 122   5 2885.0685  0.0155
 122   6 3152.1877  0.0163
 122   7 3408.1667  0.0290
 123   0 1123.5738  0.0088
 123   1 1628.0373  0.0090
 123   2 1989.4585  0.0138
 123   3 2319.7910  0.0182
 123   4 2612.4893  0.0189
 123   5 2893.8856  0.0153
 123   6 3161.7421  0.0169
 123   7 3418.5947  0.0316
 124   0 1128.0301  0.0097
 124   1 1633.4118  0.0095
 124   2 1995.3887  0.0138
 124   3 2326.7415  0.0185
 124   4 2620.1805  0.0184
 124   5 2902.6723  0.0158
 124   6 3171.2441  0.0172
 124   7 3429.0244  0.0336
 125   0 1132.4702  0.0104
 125   1 1638.7794  0.0098
 125   2 2001.3448  0.0142
 125   3 2333.6243  0.0183
 125   4 2627.9125  0.0182
 125   5 2911.4089  0.0154
 125   6 3180.7920  0.0175
 125   7 3439.2772  0.0326
 126   0 1136.8929  0.0093
 126   1 1644.1201  0.0100
 126   2 2007.2499  0.0139
 126   3 2340.4707  0.0186
 126   4 2635.6220  0.0192
 126   5 2920.1213  0.0155
 126   6 3190.1934  0.0172
 126   7 3449.5674  0.0356
 127   0 1141.3220  0.0105
 127   1 1649.3950  0.0099
 127   2 2013.1223  0.0143
 127   3 2347.2470  0.0191
 127   4 2643.2544  0.0191
 127   5 2928.7638  0.0157
 127   6 3199.6204  0.0181
 128   0 1145.7046  0.0086
 128   1 1654.6684  0.0101
 128   2 2018.9836  0.0143
 128   3 2354.0381  0.0189
 128   4 2650.9126  0.0188
 128   5 2937.3896  0.0155
 128   6 3208.9287  0.0187
 129   0 1150.0853  0.0078
 129   1 1659.9149  0.0093
 129   2 2024.8169  0.0146
 129   3 2360.7008  0.0198
 129   4 2658.5590  0.0191
 129   5 2945.9577  0.0155
 129   6 3218.2793  0.0188
 129   7 3480.2613  0.0353
 130   0 1154.4195  0.0076
 130   1 1665.1147  0.0095
 130   2 2030.6097  0.0153
 130   3 2367.3913  0.0192
 130   4 2666.0362  0.0187
 130   5 2954.4709  0.0160
 130   6 3227.5517  0.0191
 131   0 1158.7826  0.0087
 131   1 1670.2612  0.0100
 131   2 2036.3776  0.0153
 131   3 2374.0193  0.0198
 131   4 2673.5959  0.0190
 131   5 2962.9533  0.0164
 131   6 3236.7685  0.0191
 132   0 1163.0609  0.0086
 132   1 1675.3992  0.0104
 132   2 2042.1782  0.0155
 132   3 2380.5721  0.0203
 132   4 2681.0977  0.0183
 132   5 2971.4182  0.0156
 132   6 3246.0424  0.0204
 133   0 1167.3724  0.0081
 133   1 1680.4809  0.0104
 133   2 2047.8872  0.0159
 133   3 2387.1277  0.0203
 133   4 2688.6570  0.0194
 133   5 2979.8152  0.0161
 133   6 3255.1726  0.0205
 134   0 1171.6991  0.0086
 134   1 1685.5613  0.0107
 134   2 2053.6517  0.0152
 134   3 2393.6765  0.0209
 134   4 2696.0745  0.0188
 134   5 2988.1865  0.0165
 134   6 3264.3359  0.0222
 135   0 1175.9454  0.0083
 135   1 1690.5951  0.0097
 135   2 2059.3383  0.0154
 135   3 2400.1210  0.0213
 135   4 2703.4656  0.0189
 135   5 2996.4968  0.0157
 135   6 3273.3818  0.0225
 136   0 1180.2214  0.0075
 136   1 1695.6108  0.0103
 136   2 2065.0432  0.0154
 136   3 2406.5870  0.0212
 136   4 2710.8783  0.0194
 136   5 3004.7842  0.0165
 136   6 3282.4462  0.0231
 137   0 1184.4631  0.0076
 137   1 1700.6047  0.0099
 137   2 2070.7129  0.0164
 137   3 2412.9016  0.0207
 137   4 2718.2532  0.0192
 137   5 3013.0698  0.0167
 137   6 3291.4404  0.0246
 138   0 1188.6861  0.0073
 138   1 1705.5503  0.0102
 138   2 2076.3142  0.0166
 138   3 2419.2937  0.0226
 138   4 2725.6156  0.0190
 138   5 3021.2794  0.0164
 138   6 3300.4580  0.0249
 139   0 1192.8923  0.0085
 139   1 1710.4671  0.0111
 139   2 2081.9580  0.0170
 139   3 2425.6325  0.0220
 139   4 2732.9297  0.0193
 139   5 3029.4131  0.0173
 139   6 3309.4392  0.0262
 140   0 1197.0893  0.0076
 140   1 1715.3639  0.0110
 140   2 2087.5757  0.0168
 140   3 2431.8854  0.0221
 140   4 2740.2155  0.0192
 140   5 3037.5691  0.0167
 140   6 3318.3199  0.0266
 141   0 1201.2912  0.0076
 141   1 1720.2182  0.0107
 141   2 2093.1757  0.0178
 141   3 2438.1180  0.0244
 141   4 2747.4863  0.0194
 141   5 3045.6621  0.0173
 141   6 3327.2299  0.0265
 142   0 1205.4518  0.0068
 142   1 1725.0480  0.0117
 142   2 2098.7543  0.0175
 142   3 2444.2735  0.0224
 142   4 2754.6813  0.0192
 142   5 3053.7499  0.0173
 142   6 3336.0763  0.0296
 143   0 1209.6205  0.0069
 143   1 1729.8862  0.0106
 143   2 2104.2802  0.0174
 143   3 2450.4727  0.0233
 143   4 2761.9742  0.0197
 143   5 3061.7708  0.0176
 143   6 3344.8721  0.0300
 144   0 1213.7566  0.0072
 144   1 1734.6383  0.0111
 144   2 2109.8589  0.0178
 144   3 2456.6402  0.0234
 144   4 2769.1272  0.0197
 144   5 3069.7244  0.0173
 144   6 3353.6270  0.0293
 145   0 1217.8658  0.0073
 145   1 1739.3978  0.0113
 145   2 2115.3184  0.0182
 145   3 2462.6862  0.0248
 145   4 2776.2829  0.0197
 145   5 3077.6812  0.0179
 146   0 1221.9902  0.0071
 146   1 1744.1107  0.0115
 146   2 2120.8527  0.0172
 146   3 2468.8355  0.0266
 146   4 2783.4129  0.0202
 146   5 3085.6474  0.0180
 146   6 3371.0910  0.0309
 147   0 1226.0887  0.0070
 147   1 1748.8165  0.0114
 147   2 2126.3434  0.0184
 147   3 2474.8935  0.0235
 147   4 2790.5105  0.0199
 147   5 3093.5342  0.0176
 147   6 3379.6920  0.0328
 148   0 1230.1691  0.0070
 148   1 1753.4923  0.0117
 148   2 2131.7291  0.0190
 148   3 2480.8989  0.0237
 148   4 2797.5996  0.0202
 148   5 3101.4042  0.0189
 149   0 1234.2396  0.0074
 149   1 1758.1495  0.0113
 149   2 2137.2484  0.0187
 149   3 2486.8301  0.0254
 149   4 2804.6675  0.0192
 149   5 3109.1701  0.0186
 150   0 1238.3053  0.0066
 150   1 1762.7633  0.0122
 150   2 2142.6260  0.0193
 150   3 2492.8289  0.0263
 150   4 2811.7136  0.0199
 150   5 3116.9834  0.0197
 151   0 1242.3276  0.0068
 151   1 1767.3652  0.0125
 151   2 2148.0678  0.0188
 151   3 2498.6850  0.0264
 151   4 2818.6975  0.0201
 151   5 3124.7038  0.0196
 152   0 1246.3835  0.0069
 152   1 1771.9335  0.0124
 152   2 2153.4507  0.0191
 152   3 2504.6239  0.0256
 152   4 2825.7105  0.0206
 152   5 3132.4150  0.0197
 153   0 1250.3889  0.0069
 153   1 1776.5074  0.0126
 153   2 2158.8175  0.0201
 153   3 2510.5305  0.0270
 153   4 2832.6263  0.0203
 153   5 3140.1065  0.0200
 154   0 1254.4213  0.0064
 154   1 1781.0037  0.0124
 154   2 2164.1677  0.0192
 154   3 2516.2989  0.0263
 154   4 2839.5867  0.0199
 154   5 3147.7839  0.0212
 155   0 1258.3752  0.0068
 155   1 1785.4779  0.0124
 155   2 2169.4822  0.0198
 155   3 2522.1586  0.0268
 155   4 2846.4400  0.0209
 155   5 3155.3817  0.0210
 156   0 1262.3614  0.0067
 156   1 1789.9810  0.0130
 156   2 2174.8036  0.0206
 156   3 2527.9526  0.0263
 156   4 2853.3341  0.0213
 156   5 3162.9632  0.0215
 157   0 1266.3304  0.0072
 157   1 1794.4140  0.0135
 157   2 2180.0856  0.0209
 157   3 2533.6336  0.0262
 157   4 2860.2023  0.0212
 157   5 3170.5536  0.0224
 158   0 1270.2836  0.0065
 158   1 1798.8340  0.0138
 158   2 2185.3665  0.0203
 158   3 2539.3928  0.0277
 158   4 2867.0382  0.0205
 158   5 3178.0651  0.0229
 159   0 1274.2268  0.0073
 159   1 1803.2280  0.0140
 159   2 2190.6650  0.0210
 159   3 2545.1154  0.0276
 159   4 2873.7920  0.0204
 159   5 3185.5928  0.0224
 160   0 1278.1484  0.0066
 160   1 1807.6023  0.0128
 160   2 2195.8703  0.0216
 160   3 2550.7727  0.0279
 160   4 2880.5740  0.0218
 160   5 3193.0508  0.0230
 161   0 1282.0610  0.0070
 161   1 1811.9835  0.0143
 161   2 2201.1475  0.0215
 161   3 2556.4894  0.0290
 161   4 2887.3333  0.0209
 161   5 3200.5444  0.0247
 162   0 1285.9661  0.0062
 162   1 1816.3491  0.0153
 162   2 2206.3522  0.0216
 162   3 2562.1634  0.0290
 162   4 2894.0369  0.0212
 162   5 3207.8669  0.0246
 163   0 1289.8662  0.0071
 163   1 1820.6260  0.0141
 163   2 2211.5379  0.0235
 163   4 2900.6973  0.0212
 163   5 3215.3284  0.0268
 164   0 1293.7432  0.0072
 164   1 1824.9197  0.0154
 164   2 2216.7793  0.0222
 164   4 2907.3821  0.0212
 164   5 3222.6844  0.0267
 165   0 1297.6134  0.0069
 165   1 1829.1775  0.0151
 165   2 2221.9231  0.0225
 165   3 2579.0015  0.0300
 165   4 2914.0345  0.0211
 165   5 3230.0460  0.0286
 166   0 1301.4720  0.0066
 166   1 1833.4416  0.0150
 166   2 2227.0520  0.0223
 166   4 2920.7002  0.0222
 166   5 3237.3832  0.0292
 167   0 1305.3053  0.0066
 167   1 1837.6572  0.0152
 167   2 2232.1581  0.0238
 167   4 2927.2899  0.0213
 167   5 3244.6813  0.0283
 168   0 1309.1455  0.0064
 168   1 1841.8908  0.0156
 168   2 2237.2440  0.0242
 168   4 2933.8418  0.0231
 168   5 3251.8689  0.0295
 169   0 1312.9672  0.0066
 169   1 1846.0858  0.0153
 169   2 2242.3244  0.0251
 169   4 2940.3621  0.0230
 170   0 1316.7856  0.0065
 170   1 1850.2253  0.0164
 170   2 2247.4250  0.0248
 170   4 2946.8441  0.0225
 171   0 1320.5749  0.0064
 171   1 1854.3390  0.0163
 171   2 2252.5525  0.0242
 171   4 2953.4128  0.0233
 171   5 3273.5110  0.0334
 172   0 1324.3542  0.0062
 172   1 1858.5063  0.0158
 172   2 2257.5355  0.0254
 172   4 2959.7992  0.0230
 173   0 1328.1462  0.0064
 173   1 1862.6101  0.0161
 173   2 2262.5566  0.0253
 173   4 2966.2964  0.0249
 174   0 1331.9007  0.0068
 174   1 1866.7217  0.0171
 174   2 2267.6050  0.0254
 174   4 2972.7440  0.0237
 175   0 1335.6794  0.0067
 175   1 1870.7522  0.0167
 175   4 2979.0833  0.0235
 176   0 1339.4167  0.0066
 176   1 1874.8057  0.0179
 176   2 2277.5022  0.0273
 176   4 2985.4379  0.0250
 177   0 1343.1411  0.0068
 177   1 1878.8461  0.0171
 177   2 2282.4586  0.0268
 177   4 2991.7974  0.0248
 178   0 1346.8609  0.0067
 178   1 1882.8264  0.0180
 178   2 2287.4334  0.0266
 178   4 2998.0642  0.0274
 179   0 1350.5837  0.0068
 179   1 1886.8915  0.0179
 179   4 3004.4316  0.0268
 180   0 1354.2938  0.0070
 180   1 1890.8511  0.0172
 180   4 3010.6759  0.0262
 181   0 1357.9739  0.0066
 181   1 1894.8564  0.0181
 181   4 3016.9269  0.0263
 182   0 1361.6693  0.0064
 182   1 1898.7748  0.0174
 182   4 3023.1202  0.0262
 183   0 1365.3301  0.0063
 183   1 1902.6654  0.0188
 183   4 3029.3597  0.0278
 184   0 1368.9990  0.0069
 184   1 1906.6172  0.0190
 184   4 3035.4745  0.0268
 185   0 1372.6665  0.0071
 185   1 1910.4831  0.0200
 186   0 1376.2856  0.0069
 186   1 1914.3486  0.0194
 186   4 3047.7795  0.0289
 187   0 1379.9302  0.0066
 187   1 1918.1987  0.0196
 187   4 3053.9187  0.0278
 188   0 1383.5514  0.0072
 188   1 1922.0457  0.0197
 189   0 1387.1871  0.0065
 189   1 1925.9097  0.0209
 190   0 1390.7873  0.0072
 190   1 1929.6949  0.0202
 191   0 1394.3733  0.0071
 191   1 1933.5154  0.0208
 192   0 1397.9557  0.0075
 192   1 1937.2753  0.0217
 193   0 1401.5406  0.0073
 193   1 1941.1078  0.0214
 194   0 1405.0924  0.0070
 194   1 1944.8405  0.0216
 195   0 1408.6702  0.0072
 195   1 1948.5181  0.0223
 196   0 1412.2233  0.0073
 196   1 1952.2715  0.0218
 197   0 1415.7464  0.0074
 197   1 1955.9765  0.0232
 198   0 1419.2599  0.0076
 198   1 1959.7168  0.0229
 199   0 1422.7973  0.0074
 199   1 1963.3964  0.0227
 200   0 1426.3016  0.0080
 201   0 1429.8193  0.0084
 202   0 1433.3287  0.0077
 203   0 1436.7855  0.0075
 204   0 1440.2878  0.0083
 205   0 1443.7525  0.0083
 206   0 1447.2346  0.0070
 207   0 1450.6711  0.0078
 208   0 1454.1130  0.0078
 209   0 1457.5326  0.0087
 210   0 1460.9742  0.0083
 211   0 1464.4028  0.0081
 212   0 1467.8116  0.0082
 213   0 1471.2091  0.0084
 214   0 1474.5889  0.0082
 215   0 1478.0001  0.0083
 216   0 1481.3690  0.0082
 217   0 1484.7471  0.0092
 218   0 1488.0929  0.0095
 219   0 1491.4725  0.0089
 220   0 1494.8158  0.0090
 221   0 1498.1592  0.0091
 222   0 1501.5047  0.0088
 223   0 1504.8262  0.0087
 224   0 1508.1350  0.0094
 225   0 1511.4491  0.0089
 226   0 1514.7554  0.0102
 227   0 1518.0467  0.0099
 228   0 1521.3260  0.0097
 229   0 1524.6417  0.0088
 230   0 1527.9102  0.0095
 231   0 1531.1670  0.0095
 232   0 1534.4249  0.0098
 233   0 1537.6905  0.0100
 234   0 1540.9162  0.0108
 235   0 1544.1855  0.0106
 236   0 1547.4145  0.0106
 237   0 1550.6188  0.0104
 238   0 1553.8326  0.0103
 239   0 1557.0567  0.0108
 240   0 1560.2720  0.0107
 241   0 1563.4718  0.0110
 242   0 1566.6515  0.0117
 243   0 1569.8682  0.0110
 244   0 1573.0240  0.0108
 245   0 1576.1894  0.0112
 246   0 1579.3862  0.0110
 247   0 1582.5229  0.0112
 248   0 1585.7040  0.0122
 249   0 1588.8147  0.0119
 250   0 1591.9606  0.0131
 251   0 1595.1178  0.0123
 252   0 1598.2541  0.0109
 253   0 1601.3707  0.0124
 254   0 1604.4783  0.0127
 255   0 1607.6214  0.0125
 256   0 1610.6920  0.0123
 257   0 1613.7892  0.0120
 258   0 1616.8928  0.0124
 259   0 1619.9933  0.0134
 260   0 1623.0699  0.0131
 261   0 1626.1243  0.0135
 262   0 1629.1907  0.0137
 263   0 1632.2685  0.0135
 264   0 1635.3193  0.0136
 265   0 1638.3524  0.0129
 266   0 1641.3616  0.0151
 267   0 1644.4230  0.0148
 268   0 1647.4836  0.0148
 269   0 1650.4728  0.0149
 270   0 1653.5355  0.0152
 271   0 1656.5470  0.0156
 272   0 1659.5667  0.0153
 273   0 1662.5487  0.0161
 274   0 1665.5528  0.0164
 275   0 1668.5657  0.0152
 276   0 1671.5202  0.0167
 277   0 1674.5299  0.0166
 278   0 1677.5077  0.0173
 279   0 1680.4831  0.0177
 280   0 1683.4670  0.0186
 281   0 1686.3891  0.0172
 282   0 1689.3591  0.0185
 283   0 1692.2685  0.0182
 284   0 1695.2602  0.0182
 285   0 1698.2199  0.0200
 286   0 1701.1558  0.0177
 287   0 1704.0607  0.0196
 288   0 1706.9831  0.0197
 289   0 1709.9352  0.0203
 290   0 1712.8706  0.0184
 291   0 1715.7347  0.0208
 292   0 1718.6583  0.0204
 293   0 1721.5597  0.0200
 294   0 1724.4218  0.0207
 295   0 1727.3543  0.0221
 296   0 1730.1943  0.0222
 297   0 1733.1373  0.0237
 298   0 1736.0057  0.0239
 299   0 1738.8283  0.0241
 300   0 1741.7118  0.0242
